<ns0:svg xmlns:ns0="http://www.w3.org/2000/svg" style="    isolation:isolate;    background-color:rgb(116,116,116);  " x-viewBox="-25 0 675 400" viewBox="0 0 1300 400">
  <ns0:style>
    :root {
      --outline-color: rgb(64,31,16);
      --shade-color: rgb(106,54,30);
      --body-color: rgb(200,133,32);
      --bowl-color: rgb(255,255,255);
    }
  </ns0:style>

  <ns0:g>
    
    <ns0:path id="bowl" d="M 127.2 188.8 C 67.2 197.60000000000002 32.0 232.8 21.6 294.40000000000003 C 35.2 306.40000000000003 57.6 313.6 87.2 315.2 L 152.8 253.60000000000002 C 152.0 231.20000000000002 143.2 209.60000000000002 127.2 188.8 Z M 129.60000000000002 224.8 L 135.2 212.0 C 98.4 219.20000000000002 73.6 246.4 46.400000000000006 294.40000000000003 L 46.400000000000006 294.40000000000003 L 60.0 296.8 C 79.2 260.8 103.2 228.0 129.60000000000002 224.8 Z" fill="var(--bowl-color, #eee)" />
    
    <ns0:path id="body" d="M 428.0 287.2 C 428.8 288.0 428.8 288.0 429.6 288.8 L 429.6 288.8 L 429.6 288.8 L 429.6 288.8 L 429.6 288.8 C 429.6 288.8 429.6 288.8 429.6 288.8 C 454.40000000000003 251.20000000000002 472.8 192.0 490.40000000000003 167.20000000000002 L 510.40000000000003 159.20000000000002 L 526.4000000000001 164.8 C 516.0 218.4 500.0 282.40000000000003 476.8 356.0 C 433.6 338.40000000000003 395.20000000000005 329.6 329.6 329.6 C 309.6 323.2 298.40000000000003 310.40000000000003 295.2 290.40000000000003 C 300.8 300.8 308.0 307.2 314.40000000000003 311.2 C 319.2 308.8 323.2 307.2 327.20000000000005 304.8 C 349.6 320.8 370.40000000000003 310.40000000000003 376.0 305.6 C 379.20000000000005 303.2 378.40000000000003 300.0 375.20000000000005 297.6 C 376.0 296.0 376.0 295.2 376.0 293.6 C 376.0 289.6 372.8 285.6 368.8 285.6 C 367.20000000000005 285.6 365.6 286.40000000000003 364.0 287.2 C 364.0 285.6 364.0 284.0 363.20000000000005 283.2 C 368.0 279.2 372.8 275.20000000000005 377.6 271.20000000000005 C 391.20000000000005 273.6 404.8 276.8 418.40000000000003 283.2 C 390.40000000000003 268.0 353.6 263.20000000000005 307.2 268.8 C 306.40000000000003 256.0 300.8 244.0 290.40000000000003 232.8 C 325.6 227.20000000000002 362.40000000000003 230.4 402.40000000000003 240.8 C 415.20000000000005 255.20000000000002 423.20000000000005 271.20000000000005 428.0 287.2 L 428.0 287.2 Z M 271.20000000000005 286.40000000000003 L 220.0 294.40000000000003 L 234.4 252.0 L 280.8 245.60000000000002 L 271.20000000000005 286.40000000000003 L 271.20000000000005 286.40000000000003 L 271.20000000000005 286.40000000000003 Z M 456.0 124.80000000000001 L 420.0 181.60000000000002 L 373.6 168.0 L 361.6 171.20000000000002 L 324.8 163.20000000000002 L 320.8 156.0 L 282.40000000000003 153.6 C 296.0 138.4 308.0 122.4 318.40000000000003 106.4 L 447.20000000000005 77.6 C 494.40000000000003 77.6 539.2 82.4 581.6 93.60000000000001 C 544.0 99.2 498.40000000000003 110.4 456.8 124.0 C 456.0 124.0 456.0 124.80000000000001 456.0 124.80000000000001 L 456.0 124.80000000000001 L 456.0 124.80000000000001 L 456.0 124.80000000000001 Z M 129.60000000000002 224.8 L 135.2 212.0 C 98.4 219.20000000000002 73.6 246.4 46.400000000000006 294.40000000000003 L 46.400000000000006 294.40000000000003 L 60.0 296.8 C 79.2 260.8 103.2 228.0 129.60000000000002 224.8 Z" fill="var(--body-color,#eee)" />
    
    <ns0:path id="shade" d="M 634.4000000000001 303.2 C 634.4000000000001 300.0 637.6 296.8 640.8000000000001 296.8 C 644.8000000000001 296.8 647.2 300.0 647.2 303.2 C 647.2 307.2 644.8000000000001 309.6 640.8000000000001 309.6 C 637.6 309.6 634.4000000000001 307.2 634.4000000000001 303.2 L 634.4000000000001 303.2 L 634.4000000000001 303.2 L 634.4000000000001 303.2 L 634.4000000000001 303.2 L 634.4000000000001 303.2 L 634.4000000000001 303.2 L 634.4000000000001 303.2 L 634.4000000000001 303.2 L 634.4000000000001 303.2 L 634.4000000000001 303.2 L 634.4000000000001 303.2 Z M 584.0 92.8 C 579.2 184.8 566.4 272.8 547.2 356.8 L 476.8 356.0 C 500.0 282.40000000000003 516.0 218.4 526.4000000000001 164.8 L 510.40000000000003 159.20000000000002 L 496.8 164.8 L 490.40000000000003 167.20000000000002 C 472.8 192.0 454.40000000000003 251.20000000000002 429.6 288.8 C 448.8 233.60000000000002 455.20000000000005 179.20000000000002 456.8 124.0 C 499.20000000000005 110.4 545.6 99.2 584.0 92.8 L 584.0 92.8 L 584.0 92.8 L 584.0 92.8 L 584.0 92.8 L 584.0 92.8 L 584.0 92.8 L 584.0 92.8 L 584.0 92.8 L 584.0 92.8 L 584.0 92.8 L 584.0 92.8 Z M 497.6 165.6 C 497.6 165.6 497.6 164.8 496.8 164.8 C 496.8 164.8 496.8 164.8 496.8 164.8 L 497.6 165.6 L 497.6 165.6 L 497.6 165.6 L 497.6 165.6 L 497.6 165.6 L 497.6 165.6 L 497.6 165.6 L 497.6 165.6 L 497.6 165.6 L 497.6 165.6 L 497.6 165.6 Z M 88.0 97.60000000000001 C 88.0 94.4 90.4 91.2 93.60000000000001 91.2 C 97.60000000000001 91.2 100.0 94.4 100.0 97.60000000000001 C 100.0 100.80000000000001 97.60000000000001 104.0 93.60000000000001 104.0 C 90.4 104.0 88.0 100.80000000000001 88.0 97.60000000000001 L 88.0 97.60000000000001 L 88.0 97.60000000000001 L 88.0 97.60000000000001 L 88.0 97.60000000000001 L 88.0 97.60000000000001 L 88.0 97.60000000000001 L 88.0 97.60000000000001 L 88.0 97.60000000000001 L 88.0 97.60000000000001 Z M 149.6 163.20000000000002 C 149.6 159.20000000000002 152.8 156.8 156.0 156.8 C 160.0 156.8 162.4 159.20000000000002 162.4 163.20000000000002 C 162.4 166.4 160.0 168.8 156.0 168.8 C 152.8 168.8 149.6 166.4 149.6 163.20000000000002 L 149.6 163.20000000000002 L 149.6 163.20000000000002 L 149.6 163.20000000000002 L 149.6 163.20000000000002 L 149.6 163.20000000000002 L 149.6 163.20000000000002 L 149.6 163.20000000000002 L 149.6 163.20000000000002 Z M 251.20000000000002 176.0 C 251.20000000000002 172.8 254.4 170.4 257.6 170.4 C 260.8 170.4 264.0 172.8 264.0 176.0 C 264.0 180.0 260.8 182.4 257.6 182.4 C 254.4 182.4 251.20000000000002 180.0 251.20000000000002 176.0 L 251.20000000000002 176.0 L 251.20000000000002 176.0 L 251.20000000000002 176.0 L 251.20000000000002 176.0 L 251.20000000000002 176.0 L 251.20000000000002 176.0 L 251.20000000000002 176.0 Z M 257.6 67.2 C 257.6 64.0 260.8 60.800000000000004 264.0 60.800000000000004 C 268.0 60.800000000000004 270.4 64.0 270.4 67.2 C 270.4 71.2 268.0 73.6 264.0 73.6 C 260.8 73.6 257.6 71.2 257.6 67.2 L 257.6 67.2 L 257.6 67.2 L 257.6 67.2 L 257.6 67.2 L 257.6 67.2 L 257.6 67.2 Z M 291.2 28.0 C 291.2 24.8 293.6 21.6 296.8 21.6 C 300.8 21.6 303.2 24.8 303.2 28.0 C 303.2 31.200000000000003 300.8 34.4 296.8 34.4 C 293.6 34.4 291.2 31.200000000000003 291.2 28.0 L 291.2 28.0 L 291.2 28.0 L 291.2 28.0 L 291.2 28.0 L 291.2 28.0 Z M 416.8 50.400000000000006 C 416.8 47.2 420.0 44.0 423.20000000000005 44.0 C 426.40000000000003 44.0 429.6 47.2 429.6 50.400000000000006 C 429.6 54.4 426.40000000000003 56.800000000000004 423.20000000000005 56.800000000000004 C 420.0 56.800000000000004 416.8 54.4 416.8 50.400000000000006 L 416.8 50.400000000000006 L 416.8 50.400000000000006 L 416.8 50.400000000000006 L 416.8 50.400000000000006 Z M 86.4 310.40000000000003 C 82.4 306.40000000000003 90.4 290.40000000000003 104.80000000000001 275.20000000000005 C 119.2 260.0 134.4 250.4 138.4 254.4 C 142.4 258.4 134.4 273.6 119.2 288.8 C 104.80000000000001 304.8 90.4 313.6 86.4 310.40000000000003 L 86.4 310.40000000000003 L 86.4 310.40000000000003 L 86.4 310.40000000000003 Z M 282.40000000000003 286.40000000000003 Q 281.6 284.0 280.8 281.6 C 283.2 276.8 284.0 268.8 281.6 258.4 C 283.2 274.4 280.8 284.0 272.8 287.2 C 276.0 286.40000000000003 278.40000000000003 284.8 280.0 282.40000000000003 Q 284.0 292.0 278.40000000000003 305.6 Q 284.0 295.2 282.40000000000003 287.2 Q 284.8 287.2 287.2 288.8 Q 284.8 286.40000000000003 282.40000000000003 286.40000000000003 L 282.40000000000003 286.40000000000003 L 282.40000000000003 286.40000000000003 Z M 326.40000000000003 292.8 C 326.40000000000003 292.0 326.40000000000003 290.40000000000003 326.40000000000003 289.6 C 326.40000000000003 285.6 329.6 281.6 333.6 281.6 C 336.0 281.6 337.6 282.40000000000003 339.20000000000005 283.2 C 338.40000000000003 283.2 338.40000000000003 283.2 338.40000000000003 283.2 C 338.40000000000003 278.40000000000003 342.40000000000003 275.20000000000005 346.40000000000003 275.20000000000005 C 350.40000000000003 275.20000000000005 352.8 276.8 354.40000000000003 280.0 C 355.20000000000005 280.0 356.0 279.2 356.8 279.2 C 360.8 279.2 364.0 282.40000000000003 364.0 287.2 C 365.6 286.40000000000003 367.20000000000005 285.6 368.8 285.6 C 372.8 285.6 376.0 289.6 376.0 293.6 C 376.0 295.2 376.0 296.8 375.20000000000005 297.6 C 363.20000000000005 285.6 324.8 290.40000000000003 326.40000000000003 292.8 L 326.40000000000003 292.8 Z M 219.20000000000002 292.8 L 271.20000000000005 286.40000000000003 L 276.0 312.0 L 240.0 311.2 L 219.20000000000002 292.8 Z" fill="var(--shade-color, #ccc)" />
  
    <ns0:g id="outline" fill="var(--outline-color, #111)">
      
      <ns0:path d="M 338.40000000000003 289.6 C 338.40000000000003 288.8 338.40000000000003 288.0 338.40000000000003 287.2 C 338.40000000000003 286.40000000000003 338.40000000000003 285.6 337.6 284.8 C 338.40000000000003 285.6 339.20000000000005 286.40000000000003 340.0 287.2 L 338.40000000000003 289.6 L 338.40000000000003 289.6 Z" />
      
      <ns0:path d="M 350.40000000000003 287.2 C 352.0 286.40000000000003 352.8 284.0 352.8 282.40000000000003 C 352.8 280.0 352.0 278.40000000000003 350.40000000000003 277.6 C 350.40000000000003 278.40000000000003 350.40000000000003 279.2 350.40000000000003 280.0 C 350.40000000000003 282.40000000000003 349.6 284.8 348.0 285.6 L 350.40000000000003 287.2 L 350.40000000000003 287.2 Z" />
      
      <ns0:path d="M 362.40000000000003 290.40000000000003 C 362.40000000000003 289.6 363.20000000000005 288.8 363.20000000000005 288.0 C 363.20000000000005 284.8 360.8 282.40000000000003 358.40000000000003 282.40000000000003 C 358.40000000000003 282.40000000000003 358.40000000000003 283.2 358.40000000000003 284.0 C 358.40000000000003 285.6 358.40000000000003 287.2 357.6 288.0 L 362.40000000000003 290.40000000000003 L 362.40000000000003 290.40000000000003 Z" />
      
      <ns0:path d="M 372.8 296.8 C 373.6 296.0 374.40000000000003 294.40000000000003 374.40000000000003 292.8 C 374.40000000000003 290.40000000000003 372.0 288.0 368.8 288.0 C 368.8 288.0 368.8 288.0 368.0 288.0 C 368.8 288.8 368.8 289.6 368.8 290.40000000000003 C 368.8 292.0 368.8 293.6 368.0 294.40000000000003 L 372.8 296.8 L 372.8 296.8 Z" />
      
      <ns0:path d="M 350.40000000000003 291.2 C 350.40000000000003 289.6 349.6 288.0 348.0 287.2 C 348.0 287.2 347.20000000000005 287.2 347.20000000000005 287.2 C 347.20000000000005 288.0 347.20000000000005 288.8 346.40000000000003 289.6 C 346.40000000000003 289.6 345.6 290.40000000000003 345.6 290.40000000000003 L 350.40000000000003 291.2 L 350.40000000000003 291.2 Z" />
      
      <ns0:path d="M 129.60000000000002 212.8 L 126.4 216.8 C 90.4 233.60000000000002 58.400000000000006 264.0 38.400000000000006 316.0 L 36.8 312.0 C 57.6 263.20000000000005 88.8 230.4 129.60000000000002 212.8 Z" />
      
      <ns0:path d="M 129.60000000000002 223.20000000000002 L 127.2 227.20000000000002 C 87.2 248.0 67.2 278.40000000000003 51.2 317.6 L 51.2 312.0 C 70.4 268.8 91.2 239.20000000000002 129.60000000000002 223.20000000000002 Z" />
      
      <ns0:path d="M 120.80000000000001 228.8 Q 172.0 260.0 194.4 327.20000000000005 Q 173.60000000000002 261.6 126.4 231.20000000000002 L 120.80000000000001 228.8 Z" />
      
      <ns0:path d="M 104.80000000000001 228.0 Q 147.2 252.0 167.20000000000002 302.40000000000003 Q 148.8 253.60000000000002 109.60000000000001 229.60000000000002 L 104.80000000000001 228.0 Z" />
      
      <ns0:path d="M 78.4 308.0 C 59.2 310.40000000000003 42.400000000000006 304.8 25.6 292.8 C 25.6 246.4 89.60000000000001 185.60000000000002 126.4 192.0 C 142.4 208.0 145.60000000000002 223.20000000000002 147.2 244.0 C 120.0 252.0 83.2 296.8 83.2 310.40000000000003 Q 83.2 328.0 148.8 263.20000000000005 L 150.4 254.4 C 124.80000000000001 287.2 98.4 304.0 95.2 303.2 C 84.0 299.2 136.8 244.0 150.4 250.4 C 152.0 232.0 148.0 208.8 128.0 184.8 C 67.2 194.4 26.4 239.20000000000002 19.2 295.2 C 33.6 307.2 52.800000000000004 312.0 76.80000000000001 311.2 L 78.4 308.0 Z" />
      
      <ns0:path d="M 136.0 331.20000000000005 C 156.0 318.40000000000003 198.4 300.8 204.8 308.8 C 213.60000000000002 292.8 218.4 271.20000000000005 209.60000000000002 242.4 C 149.6 228.0 94.4 254.4 67.2 303.2 C 76.0 319.2 92.0 332.0 114.4 340.0 L 116.80000000000001 339.20000000000005 C 99.2 334.40000000000003 81.6 321.6 69.6 302.40000000000003 C 96.0 254.4 159.20000000000002 227.20000000000002 208.0 245.60000000000002 C 216.8 266.4 212.8 285.6 206.4 304.8 C 184.8 303.2 146.4 319.2 129.60000000000002 332.0 L 136.0 331.20000000000005 L 136.0 331.20000000000005 Z" />
      
      <ns0:path d="M 210.4 354.40000000000003 C 220.0 355.20000000000005 225.60000000000002 354.40000000000003 228.8 353.6 C 233.60000000000002 346.40000000000003 239.20000000000002 337.6 243.20000000000002 327.20000000000005 C 236.8 339.20000000000005 232.0 347.20000000000005 228.0 352.0 C 224.8 352.8 219.20000000000002 353.6 210.4 354.40000000000003 Z" />
      
      <ns0:path d="M 216.0 359.20000000000005 C 223.20000000000002 359.20000000000005 228.0 359.20000000000005 230.4 358.40000000000003 C 234.4 354.40000000000003 237.60000000000002 350.40000000000003 241.60000000000002 344.8 C 236.8 351.20000000000005 232.8 355.20000000000005 229.60000000000002 357.6 C 227.20000000000002 358.40000000000003 222.4 358.40000000000003 216.0 359.20000000000005 Z" />
      
      
      <ns0:ellipse id="bowl_shadow" cx="116.0" cy="364.0" rx="77.8" ry="3.0" />
      
      <ns0:path d="M 196.8 348.0 C 165.6 354.40000000000003 137.60000000000002 361.6 135.2 357.6 C 129.60000000000002 350.40000000000003 188.0 338.40000000000003 220.0 347.20000000000005 C 232.8 332.8 242.4 312.8 240.8 282.40000000000003 C 185.60000000000002 254.4 126.4 266.4 88.0 308.0 C 92.8 325.6 104.80000000000001 341.6 124.80000000000001 354.40000000000003 L 128.0 354.40000000000003 C 112.0 344.8 97.60000000000001 328.0 91.2 308.8 C 124.80000000000001 263.20000000000005 213.60000000000002 259.20000000000005 240.0 286.40000000000003 C 243.20000000000002 308.8 231.20000000000002 328.0 220.8 345.6 C 194.4 336.0 138.4 346.40000000000003 130.4 357.6 C 127.2 362.40000000000003 148.0 360.0 191.20000000000002 350.40000000000003 L 196.8 348.0 L 196.8 348.0 Z" />
      
      <ns0:path d="M 289.6 28.0 C 289.6 23.2 292.8 20.0 296.8 20.0 C 301.6 20.0 304.8 23.2 304.8 28.0 C 304.8 32.0 301.6 36.0 296.8 36.0 C 292.8 36.0 289.6 32.0 289.6 28.0 Z M 291.2 28.0 C 291.2 26.4 292.0 24.8 292.8 24.0 C 294.40000000000003 22.4 295.2 22.4 296.8 22.4 C 298.40000000000003 22.4 300.0 22.4 301.6 24.0 C 302.40000000000003 24.8 303.2 26.4 303.2 28.0 C 303.2 29.6 302.40000000000003 31.200000000000003 301.6 32.0 C 300.0 32.8 298.40000000000003 33.6 296.8 33.6 C 295.2 33.6 294.40000000000003 32.8 292.8 32.0 C 292.0 31.200000000000003 291.2 29.6 291.2 28.0 Z" fill-rule="evenodd" />
      
      <ns0:path d="M 300.0 24.0 C 301.6 24.8 302.40000000000003 26.4 302.40000000000003 28.0 C 302.40000000000003 30.4 300.0 32.8 296.8 32.8 C 296.8 32.8 296.8 32.8 296.0 32.8 C 299.2 32.0 300.8 28.8 300.8 25.6 C 300.8 24.8 300.8 24.8 300.0 24.0 Z" />
      
      <ns0:path d="M 415.20000000000005 50.400000000000006 C 415.20000000000005 46.400000000000006 418.40000000000003 42.400000000000006 423.20000000000005 42.400000000000006 C 427.20000000000005 42.400000000000006 431.20000000000005 46.400000000000006 431.20000000000005 50.400000000000006 C 431.20000000000005 55.2 427.20000000000005 58.400000000000006 423.20000000000005 58.400000000000006 C 418.40000000000003 58.400000000000006 415.20000000000005 55.2 415.20000000000005 50.400000000000006 Z M 417.6 50.400000000000006 C 417.6 48.8 417.6 47.2 419.20000000000005 46.400000000000006 C 420.0 45.6 421.6 44.8 423.20000000000005 44.8 C 424.8 44.8 426.40000000000003 45.6 427.20000000000005 46.400000000000006 C 428.0 47.2 428.8 48.8 428.8 50.400000000000006 C 428.8 52.0 428.0 53.6 427.20000000000005 54.4 C 426.40000000000003 56.0 424.8 56.0 423.20000000000005 56.0 C 421.6 56.0 420.0 56.0 419.20000000000005 54.4 C 417.6 53.6 417.6 52.0 417.6 50.400000000000006 Z" fill-rule="evenodd" />
      
      <ns0:path d="M 426.40000000000003 46.400000000000006 C 427.20000000000005 47.2 428.0 48.8 428.0 50.400000000000006 C 428.0 53.6 426.40000000000003 56.0 423.20000000000005 56.0 C 423.20000000000005 56.0 422.40000000000003 56.0 422.40000000000003 56.0 C 424.8 54.4 426.40000000000003 52.0 426.40000000000003 48.8 C 426.40000000000003 48.0 426.40000000000003 47.2 426.40000000000003 46.400000000000006 Z" />
      
      <ns0:path d="M 249.60000000000002 176.0 C 249.60000000000002 172.0 253.60000000000002 168.8 257.6 168.8 C 262.4 168.8 265.6 172.0 265.6 176.0 C 265.6 180.8 262.4 184.0 257.6 184.0 C 253.60000000000002 184.0 249.60000000000002 180.8 249.60000000000002 176.0 Z M 252.0 176.0 C 252.0 174.4 252.8 173.60000000000002 253.60000000000002 172.0 C 254.4 171.20000000000002 256.0 170.4 257.6 170.4 C 259.20000000000005 170.4 260.8 171.20000000000002 261.6 172.0 C 263.20000000000005 173.60000000000002 263.20000000000005 174.4 263.20000000000005 176.0 C 263.20000000000005 177.60000000000002 263.20000000000005 179.20000000000002 261.6 180.8 C 260.8 181.60000000000002 259.20000000000005 182.4 257.6 182.4 C 256.0 182.4 254.4 181.60000000000002 253.60000000000002 180.8 C 252.8 179.20000000000002 252.0 177.60000000000002 252.0 176.0 Z" fill-rule="evenodd" />
      
      <ns0:path d="M 632.8000000000001 303.2 C 632.8000000000001 299.2 636.8000000000001 295.2 640.8000000000001 295.2 C 645.6 295.2 648.8000000000001 299.2 648.8000000000001 303.2 C 648.8000000000001 308.0 645.6 311.2 640.8000000000001 311.2 C 636.8000000000001 311.2 632.8000000000001 308.0 632.8000000000001 303.2 Z M 635.2 303.2 C 635.2 301.6 636.0 300.8 636.8000000000001 299.2 C 637.6 298.40000000000003 639.2 297.6 640.8000000000001 297.6 C 642.4000000000001 297.6 644.0 298.40000000000003 644.8000000000001 299.2 C 646.4000000000001 300.8 646.4000000000001 301.6 646.4000000000001 303.2 C 646.4000000000001 304.8 646.4000000000001 306.40000000000003 644.8000000000001 307.2 C 644.0 308.8 642.4000000000001 309.6 640.8000000000001 309.6 C 639.2 309.6 637.6 308.8 636.8000000000001 307.2 C 636.0 306.40000000000003 635.2 304.8 635.2 303.2 Z" fill-rule="evenodd" />
      
      <ns0:path d="M 260.8 172.0 C 262.4 172.8 263.20000000000005 174.4 263.20000000000005 176.0 C 263.20000000000005 179.20000000000002 260.8 181.60000000000002 257.6 181.60000000000002 C 257.6 181.60000000000002 256.8 181.60000000000002 256.8 181.60000000000002 C 259.20000000000005 180.0 260.8 177.60000000000002 260.8 174.4 C 260.8 173.60000000000002 260.8 172.8 260.8 172.0 Z" />
      
      <ns0:path d="M 644.0 299.2 C 645.6 300.0 646.4000000000001 301.6 646.4000000000001 303.2 C 646.4000000000001 306.40000000000003 644.0 308.8 640.8000000000001 308.8 C 640.8000000000001 308.8 640.0 308.8 640.0 308.8 C 642.4000000000001 307.2 644.0 304.8 644.0 301.6 C 644.0 300.8 644.0 300.0 644.0 299.2 Z" />
      
      <ns0:path d="M 256.0 67.2 C 256.0 63.2 260.0 59.2 264.0 59.2 C 268.8 59.2 272.0 63.2 272.0 67.2 C 272.0 72.0 268.8 75.2 264.0 75.2 C 260.0 75.2 256.0 72.0 256.0 67.2 Z M 258.4 67.2 C 258.4 65.6 259.20000000000005 64.0 260.0 63.2 C 260.8 62.400000000000006 262.4 61.6 264.0 61.6 C 265.6 61.6 267.20000000000005 62.400000000000006 268.0 63.2 C 269.6 64.0 270.4 65.6 270.4 67.2 C 270.4 68.80000000000001 269.6 70.4 268.0 71.2 C 267.20000000000005 72.80000000000001 265.6 73.6 264.0 73.6 C 262.4 73.6 260.8 72.80000000000001 260.0 71.2 C 259.20000000000005 70.4 258.4 68.80000000000001 258.4 67.2 Z" fill-rule="evenodd" />
      
      <ns0:path d="M 267.20000000000005 63.2 C 268.8 64.0 269.6 65.6 269.6 67.2 C 269.6 70.4 267.20000000000005 72.80000000000001 264.0 72.80000000000001 C 264.0 72.80000000000001 263.20000000000005 72.80000000000001 263.20000000000005 72.80000000000001 C 265.6 71.2 267.20000000000005 68.80000000000001 267.20000000000005 65.6 C 267.20000000000005 64.80000000000001 267.20000000000005 64.0 267.20000000000005 63.2 Z" />
      
      <ns0:path d="M 244.8 180.8 C 245.60000000000002 186.4 249.60000000000002 188.8 256.0 188.8 Q 252.0 189.60000000000002 248.8 188.0 Q 244.8 186.4 244.8 180.8 Z" />
      
      <ns0:path d="M 244.0 185.60000000000002 C 244.8 189.60000000000002 248.0 192.0 253.60000000000002 192.0 Q 249.60000000000002 192.8 247.20000000000002 192.0 Q 244.0 190.4 244.0 185.60000000000002 Z" />
      
      <ns0:path d="M 243.20000000000002 192.8 C 244.0 195.20000000000002 247.20000000000002 196.8 252.0 196.8 Q 249.60000000000002 197.60000000000002 247.20000000000002 196.8 Q 244.0 196.0 243.20000000000002 192.8 Z" />
      
      <ns0:path d="M 86.4 97.60000000000001 C 86.4 92.8 89.60000000000001 89.60000000000001 93.60000000000001 89.60000000000001 C 98.4 89.60000000000001 101.60000000000001 92.8 101.60000000000001 97.60000000000001 C 101.60000000000001 101.60000000000001 98.4 105.60000000000001 93.60000000000001 105.60000000000001 C 89.60000000000001 105.60000000000001 86.4 101.60000000000001 86.4 97.60000000000001 Z M 88.0 97.60000000000001 C 88.0 96.0 88.8 94.4 89.60000000000001 93.60000000000001 C 91.2 92.0 92.0 92.0 93.60000000000001 92.0 C 95.2 92.0 96.80000000000001 92.0 98.4 93.60000000000001 C 99.2 94.4 100.0 96.0 100.0 97.60000000000001 L 100.0 97.60000000000001 C 100.0 99.2 99.2 100.80000000000001 98.4 101.60000000000001 C 96.80000000000001 102.4 95.2 103.2 93.60000000000001 103.2 C 92.0 103.2 91.2 102.4 89.60000000000001 101.60000000000001 C 88.8 100.80000000000001 88.0 99.2 88.0 97.60000000000001 Z" fill-rule="evenodd" />
      
      <ns0:path d="M 96.80000000000001 93.60000000000001 C 98.4 94.4 99.2 96.0 99.2 97.60000000000001 C 99.2 100.0 96.80000000000001 102.4 93.60000000000001 102.4 C 93.60000000000001 102.4 93.60000000000001 102.4 92.8 102.4 C 96.0 101.60000000000001 97.60000000000001 98.4 97.60000000000001 95.2 C 97.60000000000001 95.2 97.60000000000001 94.4 96.80000000000001 93.60000000000001 Z" />
      
      <ns0:path d="M 148.0 163.20000000000002 C 148.0 158.4 152.0 155.20000000000002 156.0 155.20000000000002 C 160.8 155.20000000000002 164.0 158.4 164.0 163.20000000000002 C 164.0 167.20000000000002 160.8 170.4 156.0 170.4 C 152.0 170.4 148.0 167.20000000000002 148.0 163.20000000000002 Z M 150.4 163.20000000000002 C 150.4 161.6 151.20000000000002 160.0 152.0 158.4 C 152.8 157.6 154.4 156.8 156.0 156.8 C 157.6 156.8 159.20000000000002 157.6 160.0 158.4 C 161.6 160.0 162.4 161.6 162.4 163.20000000000002 C 162.4 164.8 161.6 165.6 160.0 167.20000000000002 C 159.20000000000002 168.0 157.6 168.8 156.0 168.8 C 154.4 168.8 152.8 168.0 152.0 167.20000000000002 C 151.20000000000002 165.6 150.4 164.8 150.4 163.20000000000002 Z" fill-rule="evenodd" />
      
      <ns0:path d="M 159.20000000000002 158.4 C 160.8 160.0 161.6 160.8 161.6 163.20000000000002 C 161.6 165.6 159.20000000000002 168.0 156.0 168.0 C 156.0 168.0 155.20000000000002 168.0 155.20000000000002 168.0 C 157.6 166.4 159.20000000000002 164.0 159.20000000000002 160.8 C 159.20000000000002 160.0 159.20000000000002 159.20000000000002 159.20000000000002 158.4 Z" />
      
      <ns0:path d="M 168.0 172.0 L 235.20000000000002 223.20000000000002 L 173.60000000000002 174.4 L 168.0 172.0 Z" />
      
      <ns0:path d="M 180.0 187.20000000000002 C 183.20000000000002 185.60000000000002 184.8 182.4 184.0 178.4 Q 184.8 180.8 184.8 183.20000000000002 Q 184.0 185.60000000000002 180.0 187.20000000000002 Z" />
      
      <ns0:path d="M 184.8 190.4 C 188.0 189.60000000000002 189.60000000000002 186.4 188.8 183.20000000000002 Q 189.60000000000002 185.60000000000002 189.60000000000002 187.20000000000002 Q 188.8 189.60000000000002 184.8 190.4 Z" />
      
      <ns0:path d="M 115.2 99.2 Q 180.8 113.60000000000001 216.0 171.20000000000002 Q 180.8 113.60000000000001 121.60000000000001 100.0 L 115.2 99.2 Z" />
      
      <ns0:path d="M 408.8 55.2 C 392.8 68.0 381.6 84.0 375.20000000000005 104.0 C 376.0 53.6 362.40000000000003 35.2 342.40000000000003 54.4 C 360.0 32.8 374.40000000000003 48.8 376.8 92.0 C 385.6 78.4 393.6 66.4 404.0 57.6 L 408.8 55.2 Z" />
      
      <ns0:path d="M 628.0 304.8 C 627.2 310.40000000000003 629.6 313.6 636.0 316.8 Q 631.2 316.0 628.8000000000001 313.6 Q 626.4 310.40000000000003 628.0 304.8 Z" />
      
      <ns0:path d="M 624.8000000000001 311.2 C 624.8000000000001 315.2 628.0 317.6 633.6 319.2 Q 629.6 319.2 627.2 317.6 Q 624.0 315.2 624.8000000000001 311.2 Z" />
      
      <ns0:path d="M 622.4 319.2 C 622.4 321.6 625.6 323.2 630.4 323.2 Q 627.2 323.2 624.8000000000001 322.40000000000003 Q 621.6 321.6 622.4 319.2 Z" />
      
      <ns0:path d="M 627.2 319.2 C 619.2 340.0 616.0 360.0 614.4 376.8 Q 603.2 300.8 592.0 297.6 Q 580.8000000000001 293.6 557.6 371.20000000000005 C 559.2 282.40000000000003 543.2 252.0 520.8 287.2 C 540.8000000000001 248.0 556.8000000000001 274.4 560.0 351.20000000000005 Q 579.2 300.8 590.4 292.0 Q 601.6 283.2 614.4 348.8 C 617.6 340.0 620.0 334.40000000000003 627.2 319.2 Z" />
      
      <ns0:path d="M 372.0 299.2 C 374.40000000000003 300.8 373.6 304.0 370.40000000000003 306.40000000000003 C 364.8 309.6 352.0 312.0 344.0 309.6 C 342.40000000000003 309.6 341.6 308.8 340.8 308.0 C 349.6 309.6 362.40000000000003 305.6 368.8 302.40000000000003 C 370.40000000000003 301.6 371.20000000000005 300.0 372.0 299.2 Z" />
      
      <ns0:path d="M 327.20000000000005 292.0 C 327.20000000000005 291.2 327.20000000000005 290.40000000000003 327.20000000000005 289.6 C 327.20000000000005 289.6 327.20000000000005 289.6 327.20000000000005 289.6 L 327.20000000000005 289.6 L 327.20000000000005 289.6 C 327.20000000000005 288.0 328.0 286.40000000000003 328.8 284.8 C 330.40000000000003 284.0 332.0 283.2 333.6 283.2 C 335.20000000000005 283.2 336.8 283.2 338.40000000000003 284.0 Q 339.20000000000005 284.8 340.0 286.40000000000003 C 338.40000000000003 287.2 337.6 288.0 337.6 289.6 C 334.40000000000003 290.40000000000003 331.20000000000005 290.40000000000003 328.0 292.0 C 327.20000000000005 292.0 327.20000000000005 292.0 327.20000000000005 292.0 Z M 340.0 289.6 C 340.0 288.0 340.8 287.2 341.6 287.2 L 341.6 287.2 C 343.20000000000005 286.40000000000003 344.0 286.40000000000003 344.8 286.40000000000003 C 347.20000000000005 286.40000000000003 348.8 287.2 349.6 288.8 C 350.40000000000003 288.8 350.40000000000003 288.8 350.40000000000003 288.8 C 348.8 288.8 348.0 288.8 347.20000000000005 288.8 C 344.8 288.8 342.40000000000003 288.8 340.0 289.6 Z M 354.40000000000003 289.6 C 355.20000000000005 288.8 356.0 288.8 356.8 288.8 C 357.6 288.8 359.20000000000005 289.6 360.0 290.40000000000003 C 360.0 290.40000000000003 360.0 290.40000000000003 359.20000000000005 290.40000000000003 C 357.6 289.6 356.0 289.6 354.40000000000003 289.6 Z M 363.20000000000005 291.2 C 363.20000000000005 290.40000000000003 363.20000000000005 290.40000000000003 363.20000000000005 290.40000000000003 C 360.8 286.40000000000003 356.0 285.6 352.0 288.0 C 352.0 288.0 352.0 288.0 352.0 288.0 C 352.0 288.0 352.0 288.0 352.0 287.2 C 349.6 284.0 344.8 283.2 340.8 285.6 L 340.8 285.6 C 340.8 285.6 340.0 285.6 340.0 285.6 Q 340.0 284.8 340.0 283.2 C 340.0 280.8 340.8 279.2 341.6 277.6 C 343.20000000000005 276.8 344.8 276.0 346.40000000000003 276.0 L 346.40000000000003 276.0 L 346.40000000000003 276.0 L 346.40000000000003 276.0 C 348.0 276.0 349.6 276.8 351.20000000000005 277.6 C 352.0 278.40000000000003 352.8 280.0 353.6 281.6 C 354.40000000000003 280.8 355.20000000000005 280.8 356.8 280.8 C 358.40000000000003 280.8 360.8 281.6 361.6 283.2 C 363.20000000000005 284.8 364.0 287.2 363.20000000000005 289.6 C 364.0 288.0 366.40000000000003 287.2 368.0 287.2 C 368.0 287.2 368.0 287.2 368.0 287.2 L 368.0 287.2 L 368.0 287.2 C 370.40000000000003 287.2 372.0 287.2 373.6 288.8 C 374.40000000000003 290.40000000000003 375.20000000000005 292.0 375.20000000000005 293.6 C 375.20000000000005 294.40000000000003 375.20000000000005 295.2 375.20000000000005 296.0 C 374.40000000000003 295.2 373.6 295.2 373.6 295.2 C 372.0 294.40000000000003 371.20000000000005 293.6 369.6 292.8 C 367.20000000000005 292.0 365.6 291.2 363.20000000000005 291.2 Z M 376.8 297.6 C 376.8 296.0 377.6 295.2 377.6 293.6 C 377.6 291.2 376.0 288.8 374.40000000000003 287.2 C 372.8 285.6 370.40000000000003 284.8 368.0 284.8 C 367.20000000000005 284.8 366.40000000000003 284.8 364.8 285.6 C 364.8 284.8 364.8 284.8 364.8 284.0 C 369.6 280.0 374.40000000000003 276.8 379.20000000000005 272.8 C 400.0 276.0 416.8 283.2 430.40000000000003 293.6 C 457.6 252.0 471.20000000000005 203.20000000000002 489.6 171.20000000000002 Q 497.6 166.4 507.20000000000005 162.4 L 507.20000000000005 162.4 Q 516.0 164.8 524.8 165.6 L 524.8 165.6 Q 517.6 217.60000000000002 484.8 328.8 Q 516.8 225.60000000000002 528.0 165.6 Q 544.8000000000001 167.20000000000002 561.6 165.6 Q 530.4000000000001 164.8 515.2 160.0 L 515.2 160.0 Q 522.4000000000001 157.6 530.4000000000001 155.20000000000002 L 530.4000000000001 155.20000000000002 L 527.2 159.20000000000002 L 534.4 154.4 C 554.4 140.8 564.0 128.0 570.4 114.4 C 560.0 128.8 548.0 141.60000000000002 536.0 151.20000000000002 Q 509.6 156.8 494.40000000000003 164.0 C 498.40000000000003 157.6 503.20000000000005 152.0 508.0 148.0 L 498.40000000000003 153.6 C 464.8 191.20000000000002 454.40000000000003 248.0 435.20000000000005 276.0 L 435.20000000000005 276.0 C 448.0 232.8 455.20000000000005 182.4 456.8 124.0 L 456.8 124.0 L 456.8 124.0 C 439.20000000000005 141.60000000000002 425.6 159.20000000000002 420.0 174.4 C 369.6 158.4 372.0 168.0 360.0 168.0 C 348.0 167.20000000000002 325.6 162.4 324.8 159.20000000000002 C 324.0 152.0 315.2 152.0 286.40000000000003 151.20000000000002 Q 308.0 130.4 316.8 110.4 C 348.8 124.0 388.8 129.60000000000002 436.8 128.0 C 391.20000000000005 129.60000000000002 352.8 122.4 321.6 107.2 L 321.6 107.2 L 321.6 107.2 C 370.40000000000003 98.4 411.20000000000005 88.8 445.6 80.0 Q 504.0 80.0 575.2 92.8 L 575.2 92.8 L 575.2 92.8 C 544.8000000000001 99.2 512.8 107.2 482.40000000000003 116.0 C 516.0 108.0 549.6 100.80000000000001 581.6 94.4 C 580.0 167.20000000000002 564.8000000000001 254.4 542.4 352.8 L 479.20000000000005 352.8 L 479.20000000000005 352.8 Q 430.40000000000003 327.20000000000005 336.0 328.8 C 320.8 326.40000000000003 307.2 315.2 297.6 296.0 L 297.6 296.0 C 305.6 308.0 314.40000000000003 313.6 322.40000000000003 316.0 L 316.8 311.2 C 320.0 309.6 324.0 308.0 327.20000000000005 306.40000000000003 L 327.20000000000005 306.40000000000003 C 327.20000000000005 306.40000000000003 327.20000000000005 306.40000000000003 328.0 307.2 C 330.40000000000003 308.8 333.6 310.40000000000003 336.0 311.2 C 341.6 313.6 347.20000000000005 314.40000000000003 352.0 314.40000000000003 C 357.6 314.40000000000003 362.40000000000003 313.6 368.0 312.0 C 369.6 311.2 371.20000000000005 310.40000000000003 372.8 309.6 C 374.40000000000003 308.8 376.0 308.0 376.8 306.40000000000003 C 377.6 306.40000000000003 378.40000000000003 305.6 378.40000000000003 304.8 C 379.20000000000005 304.0 379.20000000000005 303.2 379.20000000000005 302.40000000000003 C 379.20000000000005 301.6 379.20000000000005 300.0 378.40000000000003 299.2 C 377.6 298.40000000000003 377.6 297.6 376.8 297.6 Z M 363.20000000000005 280.8 C 362.40000000000003 280.8 362.40000000000003 280.8 361.6 280.8 C 360.8 279.2 358.40000000000003 278.40000000000003 356.8 278.40000000000003 C 356.0 278.40000000000003 355.20000000000005 278.40000000000003 354.40000000000003 278.40000000000003 C 352.8 276.0 349.6 273.6 346.40000000000003 273.6 L 346.40000000000003 273.6 L 346.40000000000003 273.6 L 346.40000000000003 273.6 C 344.8 273.6 342.40000000000003 274.4 340.8 276.0 C 339.20000000000005 277.6 338.40000000000003 279.2 337.6 281.6 C 336.8 280.8 335.20000000000005 280.8 333.6 280.8 C 331.20000000000005 280.8 329.6 281.6 327.20000000000005 283.2 C 325.6 284.8 324.8 287.2 324.8 289.6 C 324.8 290.40000000000003 324.8 291.2 324.8 292.0 C 324.0 292.0 322.40000000000003 292.0 321.6 291.2 C 319.2 291.2 317.6 290.40000000000003 316.0 289.6 C 313.6 288.8 311.2 288.0 308.8 287.2 C 305.6 286.40000000000003 303.2 284.8 300.0 284.0 C 297.6 282.40000000000003 294.40000000000003 281.6 291.2 280.8 C 291.2 279.2 290.40000000000003 277.6 289.6 276.8 L 289.6 276.8 C 286.40000000000003 266.4 284.0 255.20000000000002 282.40000000000003 243.20000000000002 L 233.60000000000002 250.4 L 228.8 263.20000000000005 C 219.20000000000002 261.6 211.20000000000002 260.0 199.20000000000002 260.0 C 180.0 259.20000000000005 168.0 276.0 194.4 276.0 C 208.0 276.0 213.60000000000002 276.0 223.20000000000002 276.8 L 223.20000000000002 276.8 L 216.0 294.40000000000003 L 239.20000000000002 313.6 L 276.0 315.2 L 283.2 305.6 Q 296.8 317.6 302.40000000000003 336.0 C 364.8 325.6 412.0 335.20000000000005 440.8 352.0 L 278.40000000000003 361.6 L 634.4000000000001 361.6 L 549.6 352.8 C 572.8000000000001 256.0 585.6 165.6 587.2 90.4 Q 512.0 74.4 444.8 76.0 C 404.8 87.2 360.8 96.80000000000001 314.40000000000003 104.80000000000001 Q 301.6 131.2 276.0 155.20000000000002 C 307.2 155.20000000000002 322.40000000000003 152.8 321.6 161.6 C 321.6 165.6 330.40000000000003 168.8 342.40000000000003 170.4 L 342.40000000000003 170.4 C 348.8 188.0 348.0 207.20000000000002 339.20000000000005 227.20000000000002 L 339.20000000000005 227.20000000000002 L 339.20000000000005 227.20000000000002 C 332.0 227.20000000000002 324.8 227.20000000000002 318.40000000000003 227.20000000000002 L 318.40000000000003 227.20000000000002 C 306.40000000000003 227.20000000000002 295.2 228.8 285.6 231.20000000000002 C 296.8 241.60000000000002 303.2 255.20000000000002 304.0 272.0 C 330.40000000000003 268.8 353.6 268.8 373.6 272.0 L 373.6 272.0 L 373.6 272.0 C 370.40000000000003 275.20000000000005 366.40000000000003 278.40000000000003 363.20000000000005 280.8 Z M 228.0 264.8 C 225.60000000000002 264.8 223.20000000000002 264.0 221.60000000000002 264.0 C 219.20000000000002 263.20000000000005 216.8 263.20000000000005 214.4 263.20000000000005 C 212.0 262.4 209.60000000000002 262.4 207.20000000000002 262.4 C 204.8 261.6 202.4 261.6 199.20000000000002 261.6 L 199.20000000000002 261.6 C 196.8 261.6 193.60000000000002 262.4 191.20000000000002 262.4 C 190.4 263.20000000000005 189.60000000000002 263.20000000000005 188.8 264.0 C 187.20000000000002 264.0 186.4 264.8 185.60000000000002 264.8 C 184.8 265.6 184.8 265.6 184.0 266.4 C 183.20000000000002 266.4 182.4 267.20000000000005 182.4 268.0 C 181.60000000000002 268.0 181.60000000000002 268.8 181.60000000000002 268.8 C 181.60000000000002 269.6 181.60000000000002 269.6 181.60000000000002 269.6 C 181.60000000000002 270.4 181.60000000000002 270.4 181.60000000000002 270.4 C 181.60000000000002 270.4 181.60000000000002 270.4 181.60000000000002 271.20000000000005 C 181.60000000000002 271.20000000000005 181.60000000000002 271.20000000000005 182.4 271.20000000000005 C 182.4 272.0 183.20000000000002 272.0 183.20000000000002 272.0 C 184.0 272.8 184.0 272.8 184.8 272.8 C 185.60000000000002 272.8 186.4 272.8 187.20000000000002 273.6 C 188.0 273.6 188.8 273.6 189.60000000000002 273.6 C 191.20000000000002 273.6 192.0 273.6 192.8 273.6 C 193.60000000000002 273.6 193.60000000000002 273.6 194.4 273.6 C 196.8 273.6 200.0 273.6 202.4 273.6 C 204.8 273.6 207.20000000000002 273.6 208.8 273.6 C 210.4 273.6 212.8 273.6 214.4 274.4 C 216.0 274.4 218.4 274.4 220.0 274.4 C 221.60000000000002 274.4 222.4 275.20000000000005 224.0 275.20000000000005 L 228.0 264.8 L 228.0 264.8 Z M 296.8 291.2 C 299.2 292.0 301.6 292.8 304.0 293.6 C 307.2 294.40000000000003 310.40000000000003 296.0 313.6 296.8 C 315.2 297.6 316.0 298.40000000000003 316.8 298.40000000000003 C 317.6 299.2 318.40000000000003 299.2 319.2 300.0 C 320.8 301.6 322.40000000000003 303.2 324.0 304.8 C 320.8 306.40000000000003 317.6 307.2 313.6 308.8 L 313.6 308.8 C 307.2 304.8 301.6 299.2 296.8 291.2 L 296.8 291.2 L 296.8 291.2 Z M 283.2 280.0 C 288.8 281.6 294.40000000000003 284.0 299.2 285.6 C 302.40000000000003 287.2 304.8 288.0 308.0 288.8 C 310.40000000000003 289.6 312.8 291.2 315.2 292.0 C 316.8 292.0 319.2 292.8 320.8 293.6 C 322.40000000000003 293.6 324.0 293.6 325.6 293.6 C 326.40000000000003 293.6 327.20000000000005 293.6 328.0 293.6 C 334.40000000000003 292.0 340.8 291.2 347.20000000000005 291.2 C 351.20000000000005 291.2 355.20000000000005 291.2 359.20000000000005 292.0 C 362.40000000000003 292.8 365.6 293.6 368.8 295.2 C 370.40000000000003 295.2 371.20000000000005 296.0 372.0 296.8 C 373.6 297.6 374.40000000000003 297.6 375.20000000000005 298.40000000000003 C 376.0 299.2 376.0 300.0 376.8 300.8 C 376.8 300.8 376.8 301.6 376.8 302.40000000000003 C 376.8 302.40000000000003 376.8 303.2 376.8 304.0 C 376.8 304.0 376.0 304.8 375.20000000000005 304.8 C 374.40000000000003 305.6 373.6 306.40000000000003 372.0 307.2 C 370.40000000000003 308.0 368.8 308.8 367.20000000000005 309.6 C 362.40000000000003 311.2 357.6 312.8 352.0 312.8 C 347.20000000000005 312.8 341.6 311.2 336.8 309.6 C 334.40000000000003 308.0 331.20000000000005 307.2 328.8 304.8 C 325.6 303.2 323.2 300.8 320.8 298.40000000000003 C 320.0 297.6 319.2 297.6 318.40000000000003 296.8 C 316.8 296.0 316.0 296.0 314.40000000000003 295.2 C 311.2 293.6 308.0 292.8 304.8 291.2 C 300.8 290.40000000000003 297.6 288.8 293.6 288.0 C 293.6 288.0 293.6 288.0 293.6 288.0 L 284.0 284.8 C 283.2 284.0 283.2 283.2 282.40000000000003 281.6 C 283.2 281.6 283.2 280.8 283.2 280.0 L 283.2 280.0 L 283.2 280.0 Z M 429.6 281.6 C 424.0 264.0 412.8 248.8 404.0 237.60000000000002 C 382.40000000000003 232.8 362.40000000000003 229.60000000000002 344.0 228.0 C 352.8 205.60000000000002 354.40000000000003 186.4 348.8 172.0 C 352.8 172.0 357.6 172.8 362.40000000000003 173.60000000000002 C 366.40000000000003 173.60000000000002 367.20000000000005 172.0 369.6 171.20000000000002 C 384.0 202.4 398.40000000000003 229.60000000000002 437.6 254.4 C 435.20000000000005 262.4 432.8 272.0 429.6 281.6 L 429.6 281.6 L 429.6 281.6 L 429.6 281.6 L 429.6 281.6 L 429.6 281.6 L 429.6 281.6 L 429.6 281.6 L 429.6 281.6 L 429.6 281.6 L 429.6 281.6 L 429.6 281.6 L 429.6 281.6 Z M 328.8 244.8 C 343.20000000000005 242.4 357.6 244.0 371.20000000000005 248.0 L 368.8 249.60000000000002 C 359.20000000000005 245.60000000000002 345.6 244.0 328.8 244.8 L 328.8 244.8 L 328.8 244.8 L 328.8 244.8 L 328.8 244.8 L 328.8 244.8 L 328.8 244.8 L 328.8 244.8 L 328.8 244.8 L 328.8 244.8 L 328.8 244.8 L 328.8 244.8 L 328.8 244.8 L 328.8 244.8 L 328.8 244.8 L 328.8 244.8 L 328.8 244.8 Z M 282.40000000000003 286.40000000000003 Q 281.6 284.0 280.8 281.6 C 283.2 276.8 284.0 268.8 281.6 258.4 C 283.2 274.4 280.8 284.0 272.8 287.2 C 276.0 286.40000000000003 278.40000000000003 284.8 280.0 282.40000000000003 Q 284.0 292.0 278.40000000000003 305.6 Q 284.0 295.2 282.40000000000003 287.2 Q 284.8 287.2 287.2 288.8 Q 284.8 286.40000000000003 282.40000000000003 286.40000000000003 L 282.40000000000003 286.40000000000003 L 282.40000000000003 286.40000000000003 L 282.40000000000003 286.40000000000003 L 282.40000000000003 286.40000000000003 L 282.40000000000003 286.40000000000003 L 282.40000000000003 286.40000000000003 Z M 236.8 253.60000000000002 L 279.2 247.20000000000002 L 268.8 286.40000000000003 L 274.4 310.40000000000003 L 241.60000000000002 309.6 L 221.60000000000002 292.8 L 236.8 253.60000000000002 L 236.8 253.60000000000002 L 236.8 253.60000000000002 L 236.8 253.60000000000002 Z M 319.2 232.8 C 311.2 232.8 303.2 233.60000000000002 295.2 234.4 C 300.8 240.8 306.40000000000003 252.8 308.8 265.6 C 358.40000000000003 264.0 399.20000000000005 268.0 424.8 283.2 C 417.6 265.6 409.6 252.0 400.8 243.20000000000002 C 374.40000000000003 235.20000000000002 345.6 232.0 319.2 232.8 L 319.2 232.8 L 319.2 232.8 L 319.2 232.8 L 319.2 232.8 L 319.2 232.8 L 319.2 232.8 L 319.2 232.8 L 319.2 232.8 L 319.2 232.8 L 319.2 232.8 L 319.2 232.8 L 319.2 232.8 L 319.2 232.8 L 319.2 232.8 L 319.2 232.8 L 319.2 232.8 L 319.2 232.8 L 319.2 232.8 L 319.2 232.8 L 319.2 232.8 L 319.2 232.8 L 319.2 232.8 L 319.2 232.8 L 319.2 232.8 L 319.2 232.8 L 319.2 232.8 Z" fill-rule="evenodd" />
      
      <ns0:g id="logos_and_lines" opacity="1">
      
        <ns0:g>
      
          <ns0:path d="M 484.8 250.4 C 480.0 252.8 474.40000000000003 253.60000000000002 469.6 252.0 L 467.20000000000005 271.20000000000005 L 480.0 257.6 C 482.40000000000003 286.40000000000003 498.40000000000003 284.0 487.20000000000005 257.6 C 486.40000000000003 255.20000000000002 485.6 252.8 484.8 250.4 L 484.8 250.4 L 484.8 250.4 L 484.8 250.4 L 484.8 250.4 Z" fill="none" stroke-width="1" stroke="rgb(64,31,16)" stroke-linejoin="miter" stroke-linecap="square" stroke-miterlimit="300" />
      
          <ns0:path d="M 512.8 162.4 C 518.4000000000001 175.20000000000002 517.6 193.60000000000002 512.8 210.4 L 512.8 210.4 Q 514.4000000000001 211.20000000000002 516.0 214.4 M 477.6 190.4 L 473.6 215.20000000000002 L 473.6 215.20000000000002 C 492.0 193.60000000000002 500.8 172.8 497.6 165.6 M 401.6 276.0 L 400.8 287.2 L 379.20000000000005 290.40000000000003 L 379.20000000000005 290.40000000000003 L 379.20000000000005 290.40000000000003 L 381.6 272.0 M 504.0 260.8 C 500.8 249.60000000000002 496.0 251.20000000000002 496.8 260.8 C 496.8 262.4 496.8 264.8 497.6 268.0 C 498.40000000000003 270.4 499.20000000000005 272.8 500.0 276.0 M 483.20000000000005 335.20000000000005 C 474.40000000000003 333.6 466.40000000000003 318.40000000000003 463.20000000000005 300.8 L 461.6 315.2 L 439.20000000000005 303.2 L 439.20000000000005 303.2 L 444.0 279.2 C 432.0 301.6 420.0 312.8 412.0 306.40000000000003 C 407.20000000000005 302.40000000000003 404.8 291.2 404.0 276.8" fill-rule="evenodd" fill="none" stroke-width="1" stroke="rgb(64,31,16)" stroke-linejoin="miter" stroke-linecap="square" stroke-miterlimit="300" />
      
        </ns0:g>
      
        <ns0:path d="M 486.40000000000003 115.2 C 464.8 114.4 452.8 112.0 451.20000000000005 109.60000000000001 C 440.0 109.60000000000001 431.20000000000005 108.80000000000001 425.6 108.0 C 420.8 106.4 420.0 104.80000000000001 421.6 103.2 L 421.6 103.2 L 421.6 103.2 L 421.6 103.2 C 392.8 100.0 381.6 96.80000000000001 381.6 93.60000000000001 M 547.2 85.60000000000001 C 537.6 92.0 519.2 99.2 506.40000000000003 102.4 C 508.8 102.4 512.0 102.4 514.4000000000001 102.4 L 552.0 86.4 M 479.20000000000005 103.2 C 462.40000000000003 106.4 443.20000000000005 107.2 436.0 105.60000000000001 C 428.8 103.2 464.0 88.0 480.8 84.8 C 497.6 81.6 516.8 80.80000000000001 524.0 82.4 C 531.2 84.8 495.20000000000005 100.0 479.20000000000005 103.2 L 479.20000000000005 103.2 L 479.20000000000005 103.2 Z M 465.6 82.4 C 425.6 82.4 388.0 98.4 420.0 99.2 L 465.6 82.4 L 465.6 82.4 Z M 507.20000000000005 106.4 C 467.20000000000005 106.4 457.6 110.4 489.6 112.0 L 507.20000000000005 106.4 Z" fill-rule="evenodd" fill="none" stroke-width="0.6" stroke="rgb(64,31,16)" stroke-linejoin="miter" stroke-linecap="square" stroke-miterlimit="300" />
      
        <ns0:path d="M 493.6 338.40000000000003 C 493.6 336.0 496.8 334.40000000000003 501.6 334.40000000000003 C 505.6 335.20000000000005 508.8 337.6 508.8 340.0 C 508.0 342.40000000000003 504.8 344.0 500.8 343.20000000000005 C 496.0 343.20000000000005 492.8 340.8 493.6 338.40000000000003 Z M 536.8000000000001 343.20000000000005 C 540.8000000000001 332.0 544.8000000000001 318.40000000000003 548.0 304.0 L 514.4000000000001 302.40000000000003 L 509.6 322.40000000000003 M 535.2 174.4 L 513.6 264.0 L 554.4 265.6 C 564.0 222.4 568.8000000000001 207.20000000000002 571.2 164.8 C 566.4 152.8 564.8000000000001 136.0 568.8000000000001 119.2 M 540.0 172.0 L 536.8000000000001 188.8 L 567.2 189.60000000000002 L 567.2 172.0 L 557.6 172.0 M 535.2 203.20000000000002 L 551.2 204.0 M 534.4 212.8 L 550.4 214.4 M 545.6 222.4 L 561.6 223.20000000000002 M 528.0 233.60000000000002 L 544.0 234.4 M 532.8000000000001 207.20000000000002 L 542.4 207.20000000000002 M 532.8000000000001 217.60000000000002 L 541.6 217.60000000000002 M 526.4000000000001 237.60000000000002 L 535.2 237.60000000000002 M 552.8000000000001 204.0 L 562.4 204.8 M 552.0 214.4 L 561.6 215.20000000000002 M 528.0 229.60000000000002 L 537.6 230.4 M 555.2 208.8 L 561.6 209.60000000000002 M 532.8000000000001 220.8 L 540.0 220.8 M 554.4 219.20000000000002 L 560.8000000000001 219.20000000000002 M 548.0 239.20000000000002 L 554.4 240.0 M 542.4 208.0 L 552.0 208.8 M 541.6 218.4 L 551.2 218.4 M 535.2 238.4 L 544.8000000000001 239.20000000000002" fill-rule="evenodd" fill="none" stroke-width="0.6" stroke="rgb(64,31,16)" stroke-linejoin="miter" stroke-linecap="square" stroke-miterlimit="3" />
      
      </ns0:g>
  
    </ns0:g>
  
  </ns0:g>

</ns0:svg>